1	01/03/2020	42	48	35	41	30	5	19
2	01/03/2020	19	23	45	6	6	2	28
3	01/03/2020	2	12	56	3	28	37	52
4	01/03/2020	25	3	34	53	23	22	57
5	01/03/2020	39	36	48	7	12	19	10
6	01/03/2020	53	48	20	56	55	24	52
7	01/03/2020	3	34	34	45	22	32	54
8	01/03/2020	29	48	45	23	58	58	20
9	01/03/2020	24	22	50	59	17	36	51
10	01/03/2020	43	49	47	41	3	5	29
11	01/03/2020	27	46	51	10	11	51	7
12	01/03/2020	22	34	9	10	24	25	35
13	01/03/2020	37	21	47	57	12	29	25
14	01/03/2020	40	27	44	18	59	39	43
15	01/03/2020	10	42	34	36	20	19	25
16	01/03/2020	31	58	27	54	7	42	6
17	01/03/2020	45	53	31	10	18	34	58
18	01/03/2020	13	47	31	42	37	36	48
19	01/03/2020	16	35	12	53	51	11	22
20	01/03/2020	5	47	11	28	12	8	58
21	01/03/2020	38	48	34	4	6	30	50
22	01/03/2020	39	42	49	3	47	27	11
23	01/03/2020	34	9	1	12	43	36	11
24	01/03/2020	60	25	18	9	4	56	22
25	01/03/2020	3	51	32	57	15	41	37
26	01/03/2020	22	49	40	49	5	2	55
27	01/03/2020	54	20	19	39	1	9	8
28	01/03/2020	48	9	14	49	44	48	22
29	01/03/2020	31	18	14	35	30	57	36
30	01/03/2020	52	21	30	20	57	59	4
31	01/03/2020	45	29	25	30	50	3	16
32	01/03/2020	26	34	4	44	28	35	24
33	01/03/2020	9	1	19	19	1	57	39
34	01/03/2020	42	30	39	50	38	13	43
35	01/03/2020	59	53	39	60	11	18	39
36	01/03/2020	12	16	29	17	52	3	55
37	01/03/2020	33	16	49	27	23	27	36
38	01/03/2020	54	50	43	25	37	42	19
39	01/03/2020	3	52	2	60	18	37	53
40	01/03/2020	30	36	33	21	51	4	50
41	01/03/2020	42	49	22	10	16	44	23
42	01/03/2020	26	3	26	29	47	58	58
43	01/03/2020	53	33	30	55	42	30	57
44	01/03/2020	10	29	13	6	56	15	50
45	01/03/2020	2	33	26	1	59	34	60
46	01/03/2020	4	20	17	8	50	50	38
47	01/03/2020	7	50	14	36	58	17	27
48	01/03/2020	26	9	23	36	55	55	2
49	01/03/2020	57	32	27	24	54	56	46
50	01/03/2020	14	13	9	33	6	54	37
51	01/03/2020	2	59	7	23	2	5	37
52	01/03/2020	3	50	2	16	51	14	27
53	01/03/2020	45	60	13	40	34	45	55
54	01/03/2020	51	6	10	47	34	35	3
55	01/03/2020	9	39	8	6	19	12	3
56	01/03/2020	26	18	35	15	25	55	15
57	01/03/2020	13	60	14	51	48	38	19
58	01/03/2020	18	14	51	24	29	33	6
59	01/03/2020	43	21	54	8	3	20	48
60	01/03/2020	46	44	5	44	33	42	22
61	01/03/2020	44	13	46	54	46	12	33
62	01/03/2020	23	3	27	45	41	48	21
63	01/03/2020	34	15	51	11	56	54	32
64	01/03/2020	21	57	48	26	11	21	15
65	01/03/2020	56	25	60	26	57	35	39
66	01/03/2020	23	32	27	59	34	32	45
67	01/03/2020	59	25	60	53	41	28	41
68	01/03/2020	7	11	18	11	36	37	48
69	01/03/2020	44	19	25	10	23	47	46
70	01/03/2020	8	58	15	46	8	50	9
71	01/03/2020	44	21	3	23	4	57	18
72	01/03/2020	2	56	6	5	41	23	17
73	01/03/2020	51	47	32	52	52	48	34
74	01/03/2020	41	31	45	9	44	21	32
75	01/03/2020	3	30	1	14	59	59	26
76	01/03/2020	48	18	1	19	20	24	41
77	01/03/2020	38	45	58	9	54	8	2
78	01/03/2020	51	1	49	34	25	26	1
79	01/03/2020	32	25	56	17	13	11	44
80	01/03/2020	26	37	57	7	58	7	38
81	01/03/2020	58	52	50	22	57	3	38
82	01/03/2020	33	58	37	6	42	4	10
83	01/03/2020	50	6	20	53	37	36	54
84	01/03/2020	43	45	35	55	53	38	30
85	01/03/2020	33	24	28	24	12	56	48
86	01/03/2020	49	56	39	4	3	55	32
87	01/03/2020	2	16	40	6	42	51	7
88	01/03/2020	15	26	44	31	59	20	22
89	01/03/2020	14	15	18	15	37	14	37
90	01/03/2020	26	3	49	42	1	14	22
91	01/03/2020	56	16	3	3	12	38	25
92	01/03/2020	39	13	24	37	14	21	14
93	01/03/2020	36	33	39	11	58	53	33
94	01/03/2020	36	30	12	1	29	6	11
95	01/03/2020	58	10	11	26	34	55	52
96	01/03/2020	41	25	39	36	60	33	46
97	01/03/2020	5	2	4	50	16	29	13
98	01/03/2020	58	30	37	2	8	48	22
99	01/03/2020	30	41	34	15	22	18	56
100	01/03/2020	44	54	53	25	22	53	40
